1.012964130900270732e+01
1.039684554911651837e+01
1.058024180102275480e+01
1.080313002045934567e+01
1.104442044667665179e+01
1.129115233040053212e+01
1.158804245895788299e+01
1.187170835912313649e+01
1.206659308030011246e+01
1.238521886001436201e+01
1.225110858383453660e+01
1.228886276800110267e+01
1.222139521582958821e+01
1.200690447325599308e+01
1.180660635790375856e+01
1.275380243631632204e+01
1.280528857434619638e+01
1.261602996756860229e+01
1.206680080600943761e+01
1.065986188256806422e+01
9.943396415370893138e+00
9.306405338413611616e+00
8.668918436918824355e+00
8.677670747326560630e+00
8.716192853715877931e+00
9.156446994365774472e+00
1.149192183112318411e+01
1.133123398832098339e+01
1.117878593015353061e+01
1.115801251746455236e+01
1.123172875060658349e+01
1.181833032511146442e+01
1.283554547496717113e+01
1.312651278422798029e+01
1.325560644695167056e+01
1.351196793275409291e+01
1.429822135998607813e+01
1.481376299865961954e+01
1.505694184061811036e+01
1.501553951050982683e+01
1.344112389268457086e+01
1.287733942917316909e+01
1.903138205757761625e+01
1.889887367320137912e+01
1.890118709468276847e+01
1.925396393503310932e+01
1.947702234054251491e+01
1.965508863705020559e+01
1.960132552572234133e+01
1.924271992516338869e+01
2.044593811019919016e+01
1.938464001569135320e+01
1.842549508600534125e+01
2.067435903435652378e+01
2.156767645567288483e+01
2.059809534568482547e+01
2.005503807972132435e+01
1.925012024477477723e+01
1.872252766291869364e+01
1.821070662424113706e+01
1.774381333742941891e+01
1.737163588018060878e+01
1.584823891282630193e+01
1.394014602591850682e+01
1.326108121569021492e+01
6.818385687383744731e+00
7.744986284476974348e+00
8.204535334872931074e+00
7.292358227870878729e+00
6.811680653042549771e+00
6.569911043454648159e+00
6.620092238577132804e+00
6.846082624746200551e+00
7.008263803496618038e+00
7.257441166567153878e+00
7.505233291106494953e+00
7.866887827259652965e+00
1.052816659319553061e+01
1.020437795963183625e+01
9.770328315453042478e+00
9.640817057780854071e+00
9.848154019050877395e+00
9.986619770820288622e+00
1.010506592816338056e+01
1.016409037283737504e+01
1.012274947305492567e+01
1.013909735030262560e+01
1.015927476547831354e+01
1.026550705242505934e+01
1.033539296691818343e+01
1.053545306700493001e+01
1.050902994431533699e+01
1.042925300953010215e+01
1.038001291557935346e+01
1.049942241212890082e+01
1.053191461248913541e+01
1.059370744462294311e+01
1.043522645468858556e+01
1.020610521940588455e+01
1.011965830508670905e+01
9.927871761891392310e+00
9.741557058522021251e+00
9.480009064459533619e+00
8.981122406386413459e+00
1.095988584320378401e+01
9.889276937407053936e+00
1.015969658219765215e+01
9.849955184971522115e+00
1.003890839798130408e+01
1.099209925680830224e+01
1.152655073012219944e+01
1.173024697517881876e+01
1.178087467875280581e+01
1.180429544270065989e+01
1.186576621990731439e+01
1.239828560037052263e+01
1.416680321920159003e+01
1.419147752443325317e+01
1.396214234324659742e+01
1.388986308540850168e+01
1.672794910180724770e+01
1.461898617938621570e+01
2.131674921446761317e+01
2.064934556013544409e+01
1.932684357947616505e+01
1.949116191409063603e+01
1.932368578673390047e+01
2.079911529189175212e+01
1.957196780274362524e+01
1.932176543734238550e+01
1.977127379786812611e+01
2.030689691688852605e+01
2.076117646296463448e+01
2.102222198322850133e+01
2.075881316187906833e+01
1.976927387509775258e+01
1.859477568769915479e+01
1.898471486650118578e+01
1.975072695153706448e+01
2.478245526419026845e+01
2.403968066096194178e+01
2.554623301838556415e+01
2.273279815573366491e+01
2.388250729495736735e+01
2.252264243778842001e+01
2.146656807728499672e+01
1.820314898832061701e+01
1.750365162130920282e+01
1.461176874262431724e+01
1.226251150597199313e+01
9.323048788174089552e+00
7.890438275741952445e+00
8.695456553005463718e+00
6.689840753444094901e+00
6.907017626786877251e+00
6.989873311091770347e+00
7.092752460748966925e+00
7.391529142950086673e+00
1.003113756866729211e+01
9.238101889790520715e+00
9.388531898430873213e+00
9.541132665512542133e+00
9.794735499610517593e+00
1.012981037384173177e+01
1.067311798220488761e+01
1.121317731436858622e+01
1.193018658493485162e+01
1.280891702529275555e+01
1.339530177767257335e+01
1.395732280469841946e+01
1.452908226665906177e+01
1.493863786153561080e+01
1.460641801403580686e+01
1.816609960376472443e+01
1.722137086332143596e+01
1.695215208788492589e+01
1.662399757755997598e+01
1.622306018388026772e+01
1.589402636419869275e+01
1.563524372705514409e+01
1.567528821096343350e+01
1.707304576898130577e+01
1.513915776732836704e+01
1.467423922231918709e+01
1.450023064982202747e+01
1.418991359789574069e+01
1.419981641462240596e+01
1.347801047402609242e+01
1.023540533978382250e+01
9.941436127574764470e+00
1.004869370622253300e+01
1.011039772184493124e+01
1.058709750155798801e+01
1.207254823011071210e+01
1.231757243467103891e+01
1.231521315393429816e+01
1.231868584018257629e+01
1.297228068761613429e+01
1.387379170644118176e+01
1.415614141945118831e+01
1.460218803023168377e+01
1.507445855200714391e+01
1.505933862574205051e+01
1.569898939914666514e+01
1.759023566208073319e+01
1.822616131122327232e+01
2.021960178640852490e+01
2.062835710994193406e+01
2.010251827667017466e+01
2.024457878959930923e+01
2.120255477827753410e+01
2.124513618717512742e+01
2.055667492846881572e+01
1.959570335737010893e+01
1.949477363853323908e+01
1.912009437686932500e+01
1.871187655254983540e+01
1.837808974419136021e+01
1.809076819101395728e+01
1.944018949405413466e+01
1.917376825975979315e+01
2.011395217752459175e+01
2.045012551869751860e+01
2.053532206423795614e+01
1.973387540088024039e+01
1.853287026498090739e+01
1.829670773511731596e+01
1.764980961939715343e+01
1.741453267778013014e+01
1.131305784209686394e+01
7.224966509845827112e+00
6.822648955407899507e+00
6.473006212747147714e+00
7.027373674225099620e+00
6.497798611583917250e+00
6.380073040051113864e+00
6.483008473493327983e+00
6.747061214995505374e+00
6.950642014479609720e+00
7.199874987541267757e+00
7.494963476561744109e+00
7.956876082185696752e+00
1.057228293907546757e+01
1.075418991507833155e+01
9.997042343007858989e+00
9.990915713694670686e+00
9.946714330548878991e+00
9.966034030064903959e+00
1.013943026394382763e+01
1.020514461755415248e+01
1.031822737294956660e+01
1.035344160942815073e+01
1.025514696118237090e+01
1.033495411434223676e+01
1.042974359398342443e+01
1.061441183730319260e+01
1.076209370484956551e+01
1.075829209885003657e+01
1.074924776854442143e+01
1.060377028977011271e+01
1.051211032807017354e+01
1.036866039310946519e+01
1.020215545143327063e+01
9.900406811926771411e+00
9.537863482067439946e+00
9.222006479362901743e+00
8.954942497502532461e+00
8.763159027020632763e+00
8.644562340008340229e+00
8.585810990584487712e+00
8.660132667073575874e+00
9.437680917421268134e+00
1.091313030343909674e+01
1.052638688281279400e+01
1.035921133041293096e+01
1.034068300399563434e+01
1.040671487342408241e+01
1.063303251607200295e+01
1.131963401759746191e+01
1.199284845044038050e+01
1.222754165702009743e+01
1.246433575773917823e+01
1.301747425140057857e+01
1.355148627982822340e+01
1.364574045538342517e+01
1.361379352918610586e+01
1.389032408158190535e+01
1.453302263930398830e+01
1.779693470221491225e+01
1.876555950935171069e+01
1.639010188695107217e+01
1.683610022146910268e+01
1.807948859105486861e+01
1.838027800324535121e+01
1.854043389615045712e+01
1.875626999848409326e+01
1.846457465486783889e+01
1.834825740023587315e+01
1.827902774409857756e+01
1.821081709039966157e+01
1.891101390722424469e+01
1.836390472540164609e+01
1.876611793265283268e+01
2.094096977364633005e+01
2.032317584404781030e+01
2.062782658608496078e+01
2.054478442997593035e+01
1.976918794968813486e+01
1.907811828886870131e+01
1.836258290257378789e+01
1.957374582193599721e+01
1.690877467892664754e+01
1.523614361343656576e+01
1.259150658652245980e+01
7.141886370633094394e+00
6.647534718868861603e+00
6.509324011839790813e+00
6.689315503229376070e+00
6.491837062518766466e+00
6.414870954231039590e+00
6.479678948201133437e+00
6.663990012700771182e+00
6.952227780163461546e+00
7.102565257488237194e+00
7.440838587101346491e+00
7.907714420110556475e+00
1.013614153965218279e+01
9.989710662713049416e+00
9.884376171309485315e+00
9.859803331412276606e+00
1.003888820869856602e+01
1.034080980512875314e+01
1.038402583861882000e+01
1.052130099492986659e+01
1.070627377188847262e+01
1.092138705057107728e+01
1.101774743314878435e+01
1.124226492240289943e+01
1.177833429538202026e+01
1.220764827049330137e+01
1.245399034335727961e+01
1.308559853621318148e+01
1.343532383718875423e+01
1.362788235527719394e+01
1.388315786917475592e+01
1.415517408258108212e+01
1.442971978944934364e+01
1.467548338334382052e+01
1.475238975312579726e+01
1.483360158436249598e+01
1.435358530976685465e+01
1.372942003130631683e+01
1.282963181959467214e+01
1.212123725320963530e+01
1.112277650259631123e+01
1.042391281699910088e+01
9.338182626486883464e+00
9.168676179551450645e+00
9.089888085438490251e+00
1.169172927914365623e+01
1.157161428637608935e+01
1.147200651463967702e+01
1.150449362755527538e+01
1.165075328302265589e+01
1.219676777783916677e+01
1.280415471590711185e+01
1.304513891712476870e+01
1.371124694430725555e+01
1.442572524110898158e+01
1.425559195588735406e+01
1.382709842282986124e+01
1.213666907300714470e+01
1.848950892370984178e+01
1.941069493209593588e+01
1.808463105157269268e+01
2.002671831409118397e+01
1.851530119653221362e+01
1.849818245406875405e+01
1.844863980662502456e+01
1.832882746998038215e+01
1.808366329432427122e+01
1.798894487756111005e+01
1.795365373036156598e+01
1.847968867591469433e+01
1.830266853009939609e+01
1.816841525926018264e+01
1.842653614393100625e+01
1.896836141632065420e+01
1.912903503891861590e+01
1.922035266357021754e+01
1.952350608604074012e+01
2.216251594691144788e+01
2.110042547851531936e+01
1.897951211055674747e+01
1.921692026663993857e+01
1.690482459106112856e+01
1.168174946194570296e+01
1.264215044514036101e+01
1.129581709266579104e+01
1.140412385791306527e+01
6.464144241322327566e+00
6.662107896807635044e+00
6.455831499682707530e+00
6.535733288445075395e+00
6.863341646661377915e+00
6.928506872928242188e+00
7.026272688247052756e+00
7.191109092339861952e+00
7.432416867753644851e+00
7.708078502935895138e+00
8.049868540367709713e+00
1.047369610625980130e+01
1.007723852728974911e+01
9.900513691873090494e+00
9.890103602301316243e+00
9.845703633288554357e+00
9.979721124881494987e+00
1.013427548612465401e+01
1.014610784231493490e+01
1.016113852414332186e+01
1.034036070657719542e+01
1.028556516252399788e+01
1.029253240206747222e+01
1.040367017892880241e+01
1.059232688131877076e+01
1.061898510647690053e+01
1.057604719962086826e+01
1.066312874836437885e+01
1.073147282333695074e+01
1.070000979297044452e+01
1.047343628663178450e+01
1.036190465935676741e+01
1.014933989419549221e+01
1.038345706686938641e+01
1.056953042657723252e+01
1.058710637151495604e+01
1.030521452509013614e+01
9.583785813576255919e+00
8.996234574775074933e+00
9.204053790238232224e+00
1.032232305943622741e+01
9.893350519239620056e+00
9.547670263489202114e+00
9.661422035559853683e+00
1.020172645564619707e+01
1.138821951115174969e+01
1.183147949185742220e+01
1.202902502644864668e+01
1.208703573329327696e+01
1.215916952542598750e+01
1.231417820402160324e+01
1.376178287557132762e+01
1.418263715211590537e+01
1.400600522486973887e+01
1.382049149971579283e+01
1.563063943202234718e+01
1.517596013432017799e+01
1.981856245068671285e+01
1.944591758041886109e+01
1.893792303192157789e+01
2.050803268888197550e+01
2.014464147157470109e+01
1.869420859428770143e+01
1.856393388359789753e+01
1.856695773068954480e+01
1.851807066925910306e+01
1.821739706917909984e+01
1.814053475565827256e+01
1.811364912414371631e+01
1.845255065726049892e+01
1.839322167492009186e+01
1.910172955156259889e+01
1.989489738561751153e+01
2.021788529823556146e+01
2.108149633998577954e+01
2.340950564514099952e+01
2.041204148488426640e+01
1.847201715895704766e+01
2.056537190328901232e+01
2.218038681852695504e+01
1.495385790344742638e+01
1.409819593475994104e+01
1.318987675615171007e+01
1.194883042115781002e+01
8.419552085454593993e+00
7.896638187287027932e+00
6.779450237945574997e+00
6.715043541892529610e+00
6.729402115916467864e+00
6.885407290764656629e+00
7.013361446960676204e+00
7.186528151415677357e+00
7.384178002392042472e+00
7.923503674325888646e+00
1.006469933466769717e+01
9.694385802258763007e+00
9.589867482137002241e+00
9.771013564905382864e+00
1.005748603124616025e+01
1.019309900167469607e+01
1.056264266253926820e+01
1.065531457987150077e+01
1.079422220100867946e+01
1.096468707741082937e+01
1.110757610762607506e+01
1.111554314477675476e+01
1.124060630352076906e+01
1.177693308089193280e+01
1.235921091486279977e+01
1.240813154698581755e+01
1.281749538649727782e+01
1.301188735861491352e+01
1.342313819957191079e+01
1.384914259873260534e+01
1.422084648591720146e+01
1.434598921983166164e+01
1.444028760939860412e+01
1.440375868888395772e+01
1.491442510879788585e+01
1.460762458585283419e+01
1.186858081861785230e+01
1.139267623347721781e+01
1.126558744912979648e+01
1.076984236546868701e+01
1.041719168809116880e+01
9.734225376674764618e+00
1.011368807032637562e+01
1.043866786931317314e+01
1.094020761184801138e+01
1.131851893330512304e+01
1.159344114733107567e+01
1.192687044891784609e+01
1.249620408126750526e+01
1.288626979161780639e+01
1.299939026969336453e+01
1.363382908477415612e+01
1.478265448136523474e+01
1.462757053976699595e+01
1.441646085415348466e+01
1.588463575206543155e+01
1.725422630391251744e+01
1.878468522102085814e+01
1.322920769712551703e+01
1.923817038493250564e+01
1.909038027280790573e+01
1.935630715881612574e+01
1.971019488596807534e+01
2.013516325571741916e+01
2.009446211892397827e+01
1.922259723469403525e+01
1.863246501493497931e+01
1.996989274064472042e+01
1.842979053844091908e+01
1.903723407603186857e+01
2.128814808541153525e+01
2.121813727077026712e+01
2.059392370926473959e+01
2.050658807579673493e+01
1.886725248605520022e+01
1.860167159641768819e+01
1.821440180657177876e+01
1.787048788103703245e+01
1.570603514989487515e+01
1.425365471619183033e+01
1.366853373946702099e+01
1.445250006894785244e+01
7.150537463055857579e+00
7.258461199084617732e+00
6.991998137327565033e+00
6.757074567135951781e+00
6.576823640600593990e+00
6.468287464266247788e+00
6.589133646174311743e+00
6.794461489055500181e+00
6.999016212260542602e+00
7.255232106753901178e+00
7.491966492933977761e+00
7.899087044228928711e+00
1.011020740001310614e+01
1.021000108106748350e+01
1.001948297263624355e+01
1.014316847820563261e+01
1.026584176329211218e+01
1.040551449526004824e+01
1.057489104924887968e+01
1.076901364549105367e+01
1.073303139181985522e+01
1.079760674135613741e+01
1.082662392775695182e+01
1.109338813125342504e+01
1.101123079745752165e+01
1.078231552480317923e+01
1.060947356150248844e+01
1.043167572752845551e+01
1.029386648878870503e+01
1.012878234549403444e+01
9.975131292214632239e+00
9.759530546063903245e+00
9.650291211248323009e+00
9.539315623811015499e+00
9.340720911699898821e+00
9.172605244118193113e+00
9.062711098424923506e+00
9.093612701736253356e+00
9.356957963619004559e+00
1.007021459511165773e+01
1.058884393110988853e+01
1.067770595865237304e+01
1.052744302801624876e+01
1.047120087024489266e+01
1.054874067797978476e+01
1.088909328896669848e+01
1.157866234235413216e+01
1.207428430920054652e+01
1.236525895051478940e+01
1.283157428828801550e+01
1.379392886580939503e+01
1.407524685739466008e+01
1.401033261933404006e+01
1.377605662050559587e+01
1.569627097037637498e+01
2.068357112035186773e+01
2.030393279251349625e+01
1.979598285522327217e+01
2.008736517993636639e+01
1.922587591667965867e+01
1.996832491305622170e+01
2.056068471627093075e+01
1.880028082465033634e+01
1.860950063631033302e+01
1.840273160926637175e+01
1.828095536388977393e+01
1.813933397901137923e+01
1.890892252473124913e+01
1.856397069270774125e+01
1.976305069285212213e+01
1.856794026604276482e+01
1.896916963115067745e+01
1.978184416893557440e+01
2.376940033883980519e+01
2.391227298532956524e+01
2.380126775992791721e+01
2.044944323945212616e+01
2.059037074925877420e+01
1.756060660674990004e+01
1.540416032101073007e+01
1.454221402833653265e+01
1.335038861044204772e+01
1.140010103969771826e+01
1.082559042034416485e+01
6.694668471683366207e+00
6.626436899544632553e+00
6.458323992034180172e+00
6.622511063802768660e+00
6.817305669325114614e+00
6.995945316720969309e+00
7.266651141741419906e+00
7.652332807382242308e+00
1.017471441787154163e+01
1.032865289351653004e+01
9.807709305824257484e+00
9.893709726516869196e+00
1.005208967923093155e+01
1.033108921573216854e+01
1.048189631036649772e+01
1.079170665145784547e+01
1.114259994412927490e+01
1.145213192560817284e+01
1.186837137760258010e+01
1.225343033588390185e+01
1.217422937552534101e+01
1.197156375163133646e+01
1.832216400563455849e+01
1.864534802742402064e+01
1.255132862459403853e+01
1.321472402399340318e+01
1.434607286878860322e+01
1.435682634499922194e+01
1.438048576377301124e+01
1.410890327490425022e+01
1.373927878465881314e+01
1.355906925063159463e+01
1.318496374838905183e+01
1.300231067523199968e+01
1.633722470470918964e+01
1.011353315681742160e+01
1.017752253062000101e+01
9.647870510074730177e+00
8.895170910398228159e+00
8.922749593509811561e+00
8.892926531006812851e+00
1.188632794011592786e+01
1.181705971942123234e+01
1.177545315625425104e+01
1.175913234895647719e+01
1.187540856172016923e+01
1.216541206120041707e+01
1.301618275675195946e+01
1.359681360659250338e+01
1.408197521780249239e+01
1.495522934655245706e+01
1.494256622804304158e+01
1.451663378901581858e+01
1.293824081066336440e+01
1.856436460313715386e+01
1.984213812894120110e+01
1.991923784158664290e+01
2.152296700908424754e+01
2.030056761545139921e+01
1.998986887006361002e+01
2.132283541281868722e+01
2.156851269468860011e+01
2.155221733469416989e+01
2.055538318082470184e+01
1.986122333483029223e+01
1.988285667183329508e+01
1.971185482092633734e+01
1.804861895740192068e+01
1.853452605403739994e+01
1.896448848276865107e+01
2.045092923906243243e+01
2.125402717549626175e+01
2.390556052976685919e+01
2.446564305440823262e+01
2.317624341647316655e+01
2.397378564953471880e+01
2.395039265801633022e+01
1.597072656442667338e+01
1.494488307879587019e+01
1.411069486464966261e+01
1.092131909100513276e+01
1.092683180715354396e+01
7.738994318271354089e+00
6.979355624793801560e+00
6.946975222977095576e+00
6.999061909834844109e+00
7.094809676230192430e+00
6.881114770097664035e+00
6.812165213595777757e+00
7.224816585806006053e+00
7.688416861132407298e+00
9.931191728061968149e+00
9.992338112544921103e+00
9.754740560705773333e+00
9.838888854412987328e+00
1.008239801015894521e+01
1.019716102957371895e+01
1.034027800537355013e+01
1.057104013734561399e+01
1.075884754676529020e+01
1.102196821294482376e+01
1.100135924681384303e+01
1.129703032167454424e+01
1.149406009066670720e+01
1.169797792812644843e+01
1.197314833195789241e+01
1.224839599238056564e+01
1.225368214791554067e+01
1.205748169229979005e+01
1.185456485004313265e+01
1.168493040207643041e+01
1.330352409860113205e+01
1.465012808900617713e+01
1.239712941568750004e+01
1.438277981620421286e+01
1.286484887872297378e+01
9.274425395823858054e+00
8.714334083548729737e+00
8.367273178505229225e+00
7.574375747039013618e+00
8.412313261476366932e+00
9.841784185659975037e+00
1.034921336838164940e+01
1.042934642648967447e+01
1.042141314850814915e+01
1.047036577583719108e+01
1.043630988142619032e+01
1.169381005784670968e+01
1.234262399921087550e+01
1.243537121814228286e+01
1.247272989553074751e+01
1.248973436240950363e+01
1.268581736100221313e+01
1.443188043034989931e+01
1.443905714910663818e+01
1.424316811232749558e+01
1.413483739847302800e+01
1.394410547487263230e+01
1.431098068546229030e+01
1.506166035475084541e+01
1.762910306075633571e+01
1.802464675888398205e+01
1.825740624131470113e+01
1.834830545623586673e+01
1.840851475427198380e+01
1.821278230019819233e+01
1.808288184021513700e+01
1.790473678697716764e+01
1.770183995520244480e+01
1.752206672394206777e+01
1.924012319535336246e+01
1.840182537149581066e+01
1.844329524000549014e+01
1.846499926991071661e+01
1.885918653476270634e+01
1.780132694398501769e+01
1.739429470665902500e+01
1.826404702908744682e+01
1.575467237085249117e+01
1.472558485662050742e+01
8.986013846685402484e+00
8.064084472673437531e+00
6.739816478166563485e+00
6.465860484866509772e+00
6.481335292283989524e+00
6.527947592242814068e+00
6.334416276988291017e+00
6.414493702925037510e+00
6.534913219751088853e+00
6.759810227182954989e+00
6.984370229928879681e+00
7.267020472446794166e+00
7.392301736390397338e+00
7.651196471733353377e+00
8.034770063020175712e+00
1.100007270977656582e+01
1.062631992723641794e+01
9.698777611656815623e+00
9.662517884557811243e+00
9.622473301917178645e+00
9.907335124679621075e+00
9.957880148568039047e+00
9.964473651620604500e+00
1.003484013219720516e+01
1.011289841490360608e+01
1.006150220626172853e+01
1.002566220203699210e+01
9.944775714186711468e+00
9.986068078581535445e+00
1.003441994225378764e+01
9.963886313027073172e+00
9.944253500981282912e+00
9.866327027530847005e+00
9.789253529799040621e+00
9.697362246118562012e+00
9.638623350976754267e+00
9.583810798810237230e+00
9.578575160129002342e+00
9.590447954286402066e+00
9.325741326907426298e+00
8.692799287407767750e+00
8.094756637132251242e+00
8.399768723973657814e+00
8.532731683217624763e+00
8.829403596016762279e+00
1.050621766195968476e+01
1.119970339360048683e+01
1.128774733987581236e+01
1.137355250075776425e+01
1.146158035711956558e+01
1.157130587666478050e+01
1.201550908959604058e+01
1.345852570992657249e+01
1.382015240079306295e+01
1.377505637684283180e+01
1.593070397412844130e+01
1.501493090123499208e+01
1.538408830740390343e+01
1.409754315805940550e+01
2.003328679836445758e+01
1.837636757544025556e+01
1.870308124227550195e+01
1.848009388506631012e+01
1.863970501749837183e+01
1.879854745438669283e+01
1.848947675487084297e+01
1.768556762461847143e+01
1.762144381790271552e+01
1.765881127940408390e+01
1.760292271514350659e+01
1.918213927319981238e+01
1.919443901329890778e+01
1.803138370958978243e+01
1.852547636841995882e+01
1.869256709682629847e+01
1.919982751063349014e+01
2.424794666677448163e+01
2.582277423910559833e+01
2.414942853826908831e+01
2.353498006849586233e+01
2.283604497876498840e+01
1.803140146684390643e+01
2.014268002551486703e+01
1.814950788483054822e+01
1.758536202280179594e+01
9.838792806950955594e+00
1.068020780200405540e+01
7.710918727644896720e+00
6.752185462069990152e+00
6.175310012967434758e+00
6.108736201167434210e+00
6.770252078650996985e+00
6.601586551282112580e+00
6.750977210776929915e+00
7.319666401303202896e+00
8.662620462453816117e+00
8.566439607532821299e+00
8.998824466017318002e+00
9.295619564645477340e+00
9.599866751867267567e+00
1.019559097359849176e+01
1.047600466078941928e+01
1.075043005946747599e+01
1.102170238674002789e+01
1.154112859173777039e+01
1.238140448954478501e+01
1.278794300820957019e+01
1.297760810413557309e+01
1.918238531015702009e+01
1.923507912676896225e+01
1.930335995242005254e+01
1.926567035140477557e+01
1.890483258530858990e+01
1.623817133083994690e+01
1.568025215499672598e+01
1.509707770021934081e+01
1.480733455140147825e+01
1.468967298810364319e+01
1.495837928147385121e+01
1.497256917492669182e+01
1.491014628775558570e+01
1.450418570369254390e+01
1.308269690993813938e+01
1.246192634122747656e+01
1.248537374335268879e+01
1.159321626255313653e+01
9.946023450093873564e+00
1.019221190940456445e+01
1.048858093737902308e+01
1.051018034176681404e+01
1.062441253914051842e+01
1.081892942681226266e+01
1.151203143083448310e+01
1.234053194535311349e+01
1.263180340354393749e+01
1.263573643387131185e+01
1.242602399066675289e+01
1.419082811421980317e+01
1.470302088230662818e+01
1.437750370606599049e+01
1.399675195068576272e+01
1.859699152100477448e+01
1.817961789338993128e+01
2.005443107457555385e+01
1.427263537443380770e+01
2.085510393351059832e+01
1.916368215611424120e+01
1.907699623428684532e+01
1.929700607927601652e+01
1.985742647567513330e+01
1.967914656711706556e+01
1.864776784173848156e+01
1.876943740306453279e+01
1.963869684074370880e+01
1.843945456915576742e+01
1.936727883744489986e+01
2.177546095722724928e+01
2.163966346605434765e+01
2.403008683436910076e+01
2.355640127756828406e+01
2.074677703208918800e+01
2.399512183833996559e+01
2.386759880411979751e+01
2.264204508726620091e+01
1.586911974415422932e+01
1.558238923774372253e+01
1.015563528400396720e+01
1.311047006540370319e+01
9.662736743534136252e+00
7.901499391340756517e+00
6.692485390383654753e+00
6.837760801768605567e+00
6.544053260496602853e+00
6.675328539264938854e+00
6.889024105812045384e+00
7.127898026912320439e+00
7.443080433164542598e+00
7.866903187868673264e+00
1.021223744873120509e+01
9.954163802487244084e+00
9.635072429655490822e+00
9.741716836329977980e+00
9.896428998735835592e+00
9.998933874923279674e+00
1.025081783508073485e+01
1.049629668758821488e+01
1.069033771211113049e+01
1.079686566250030388e+01
1.090777551731832240e+01
1.115434695272467280e+01
