1.942089222637858370e+01
1.946909697354462310e+01
1.923537495536470487e+01
1.915334090775752074e+01
1.916618372180661112e+01
1.927380853802407401e+01
1.934539897597808888e+01
1.913361221779973320e+01
1.894973825042397308e+01
1.871028799945076670e+01
1.862330392998421402e+01
1.880317232514483194e+01
1.516608169136507200e+01
1.571976474090451248e+01
1.326098516452432818e+01
1.305233848670406971e+01
9.588227105084145663e+00
1.059160381719699906e+01
1.186993952365548743e+01
1.310213513676519881e+01
1.405590027877165937e+01
1.481212761284725410e+01
1.723135664690577329e+01
1.668956835745551004e+01
1.720586202786749297e+01
2.101022793930792787e+01
2.442228963591380264e+01
2.620826197808922942e+01
2.216262017368896764e+01
2.319646957596876291e+01
2.510346380354446083e+01
2.227044748349772618e+01
2.208149532095683654e+01
1.876391726878436117e+01
1.847996176332534546e+01
1.801449061330117374e+01
1.429574150391021092e+01
1.056101018938582925e+01
8.339756205334674988e+00
8.217964939164058791e+00
8.536260248779750981e+00
9.397602233234204405e+00
9.036195422372450992e+00
1.081408772076174074e+01
1.166773279164004506e+01
1.276895321963078089e+01
1.360405535165547164e+01
1.426441641539187621e+01
1.504660539459634983e+01
1.609283067270904866e+01
1.640452557927075006e+01
1.976675660550090896e+01
1.955992921230264159e+01
1.957570293958769270e+01
1.965847913497854904e+01
2.025623715641125244e+01
2.147233909791419038e+01
2.294031524861810212e+01
2.485396504725551026e+01
2.566690747092436098e+01
2.743397372884370355e+01
2.571569645694781769e+01
2.567634495966697017e+01
2.516414329346636336e+01
2.452284066327355916e+01
2.344035186037562468e+01
2.008323369340071096e+01
1.927314878748826388e+01
2.161356822457382520e+01
2.262141109373766668e+01
1.505794353650161987e+01
1.100739551432594254e+01
1.058654887815346513e+01
1.158634787682686351e+01
1.255941456737001616e+01
1.365181878612604294e+01
1.445883251632766608e+01
1.524231086751637321e+01
1.608774032334840243e+01
1.657385764475019840e+01
2.261573165472699998e+01
2.269638207906528038e+01
2.466080200232373443e+01
2.324530944269470467e+01
2.377966970052834128e+01
2.478648358078109837e+01
1.999347842542341525e+01
1.979680645805100170e+01
1.900770156643487141e+01
1.257252646348551472e+01
1.754311208940371003e+01
1.680339699509958251e+01
1.435967733246305755e+01
8.854669670234542878e+00
8.189702759727541803e+00
7.830469119581637827e+00
7.914164319914426926e+00
7.747005823771790034e+00
7.889630673788526671e+00
7.838264638134397444e+00
7.687535648770063013e+00
8.164138502892528848e+00
8.927900230027130846e+00
1.514515352201913601e+01
1.465467666849899331e+01
1.376496373170199305e+01
1.363200654724397332e+01
1.354503966199663623e+01
1.356366809555730768e+01
1.359107553370951038e+01
1.362042904328636794e+01
1.364056750092720449e+01
1.375966180926231353e+01
1.363123859628665890e+01
1.371356727042081403e+01
1.392141554682002003e+01
1.403548059716458773e+01
1.420095120213062145e+01
1.420997464476489824e+01
1.410933427984017463e+01
1.425541097890261000e+01
1.447144433748861303e+01
1.459685839086465009e+01
1.464905900351612189e+01
1.475953152127441292e+01
1.500402665842668704e+01
1.511764720324191202e+01
1.444730514237066288e+01
1.314394054919611676e+01
1.394511684726255218e+01
1.600484254490947222e+01
1.167140341669908921e+01
1.146371275359007669e+01
1.259817960331512943e+01
1.374452565882891619e+01
1.480948954868646439e+01
1.592073093874789791e+01
1.658640611971852152e+01
1.912767919838105968e+01
2.004199777539777827e+01
2.308550810591996694e+01
2.332121360332444482e+01
2.344015625694856197e+01
2.405797120654088062e+01
2.437602577729524356e+01
1.999436431226662947e+01
1.990985332838267752e+01
1.970925350000496934e+01
1.845460871311366446e+01
1.952987865345525975e+01
1.784339215495016973e+01
1.110255248413646889e+01
8.242693824857905582e+00
7.573338694411900107e+00
8.233046568999096593e+00
8.532542734798031603e+00
8.782793947093860965e+00
8.981664716143400895e+00
9.496687311725352743e+00
1.345684265199566099e+01
1.365801435361111515e+01
1.361654446263182550e+01
1.379506461433087239e+01
1.438425750397555980e+01
1.588377804614668065e+01
1.838647439860772792e+01
1.930100512749287489e+01
1.986095803302886509e+01
2.111940984479740635e+01
2.275241544682140926e+01
2.412908622395272573e+01
2.494436862008751632e+01
2.563377271884894526e+01
2.625837570117624153e+01
2.668597553351467866e+01
2.708924883111444259e+01
2.976599410074664220e+01
2.645803329414437499e+01
2.533295999505489959e+01
2.563782381772257324e+01
2.621440049951987206e+01
2.602221512221301580e+01
2.693722828728048313e+01
2.133557386750294427e+01
2.319635844592775697e+01
1.275699816296903499e+01
1.057050769299437576e+01
1.117036251522058521e+01
1.083529766616724999e+01
1.306468052177105399e+01
1.226412436642374892e+01
1.319191673135354748e+01
1.781788842140261764e+01
1.991858711151728656e+01
1.831174381131644679e+01
1.816417717858612235e+01
1.704822615409114661e+01
2.066286384242908269e+01
2.406073028323995544e+01
2.460686555286444133e+01
2.313734745709919238e+01
2.468346299769375918e+01
2.016604431909952666e+01
1.992326882944702504e+01
1.778788794390375827e+01
1.867123433136174171e+01
1.852985429641665860e+01
1.845812048344841472e+01
1.657941648845473281e+01
1.397902629361491833e+01
1.433358205124161167e+01
1.021272819573927038e+01
9.268111497700987300e+00
7.520911403586737265e+00
7.491515536354906857e+00
7.681064973753176872e+00
8.666299543517684612e+00
8.724537030491054779e+00
8.175770908998057251e+00
9.238020214480016534e+00
9.536812409025088755e+00
1.525023248764676076e+01
1.481187654913829022e+01
1.455652081982588442e+01
1.448010991549209692e+01
1.499922465545253480e+01
1.523587506400961011e+01
1.514809206407886322e+01
1.486524109437285013e+01
1.529847415203270344e+01
1.519062940819793717e+01
1.708345437646130449e+01
1.834399361817920848e+01
1.844937826873156439e+01
1.874148571646962580e+01
1.897032024164754915e+01
1.923223702367444332e+01
1.958640179324162744e+01
2.010902745341488540e+01
2.378522721796914752e+01
2.159764632572335330e+01
2.021998293105568223e+01
2.018861379280458834e+01
2.123647424338132694e+01
2.153401554480430491e+01
2.147602461286777853e+01
1.781528236901731788e+01
1.145518438338809197e+01
1.151801071451850333e+01
1.130020684230113659e+01
1.258962138645520312e+01
1.374206657374950069e+01
1.499230518826956882e+01
1.578497929578835901e+01
1.665670886334693535e+01
1.895600258518907921e+01
2.020036336785325659e+01
2.323297905079255443e+01
2.331696736593204733e+01
2.781105033260431725e+01
2.411382929967510336e+01
2.375262429659308694e+01
1.995775258655727313e+01
1.993376309995779394e+01
2.004096474416773077e+01
2.022391275832192647e+01
1.952379425622504527e+01
1.800209806972412352e+01
1.179844225365720867e+01
1.157368694153966793e+01
1.055931987540014205e+01
7.820931052481100210e+00
7.731725434983846235e+00
7.855498122047657183e+00
8.073438070852102300e+00
8.163380126731352604e+00
8.277466471610537724e+00
8.706347033844686223e+00
9.238058744701021396e+00
1.463394895479482472e+01
1.429983953131211116e+01
1.460857733559815053e+01
1.489456386980416269e+01
1.588599669532635161e+01
1.640646932387384638e+01
1.662414727172077633e+01
2.248876577139338906e+01
2.033962200560227274e+01
2.017761539280204630e+01
2.021836416645285794e+01
2.030052243882564511e+01
2.029980862525429686e+01
2.023514299825989937e+01
2.110162311932412393e+01
2.262790511038049601e+01
2.311500206560764070e+01
2.424678366978182709e+01
2.496363308372797718e+01
2.782423699271824447e+01
2.358801063098759343e+01
2.042211362761221594e+01
1.928426734848773094e+01
1.899825690639664799e+01
2.036240701985402879e+01
2.073884669754934151e+01
1.459384190542931847e+01
1.144103380179586438e+01
1.025395763652501202e+01
1.143632434629322070e+01
1.259468099463743229e+01
1.387850788463890694e+01
1.494012774385253550e+01
1.587289903978746075e+01
1.686318828854215823e+01
1.768743640645844195e+01
1.884251450849401621e+01
2.070448492708807464e+01
2.499808030658864055e+01
2.394322802384600379e+01
2.645740202366616955e+01
2.565674886248983455e+01
2.097779420558279639e+01
2.011394652868267841e+01
2.010943744909378950e+01
1.948882635153850629e+01
1.816813051299670434e+01
1.400377467283698785e+01
1.162693150289119615e+01
1.164696071140030753e+01
7.173854407065396011e+00
7.693591763057935573e+00
8.060167217409563989e+00
8.728854501246829045e+00
8.983570353494471306e+00
9.022533394645755322e+00
8.841948735435936513e+00
8.706578398955487685e+00
1.225939462983912698e+01
1.312217968323275130e+01
1.379442306292571452e+01
1.461948681424990326e+01
1.595101596797746701e+01
1.688119460461109256e+01
1.766946674566985820e+01
1.856062550249560061e+01
1.932073545219525812e+01
2.005835651506192363e+01
2.055832667173537587e+01
2.150646963992365102e+01
2.248756487500654444e+01
2.402546403717277457e+01
2.629059750878574064e+01
2.777101807379704823e+01
2.440602402662609904e+01
2.402916099003680372e+01
2.035586388544728109e+01
2.068175739324471962e+01
1.925570714242952874e+01
1.914059313942635399e+01
2.083161629709518436e+01
1.709684003101418526e+01
1.344969075326418384e+01
1.320727398037318956e+01
1.103825052298014242e+01
9.723377954818836599e+00
1.050465800436511721e+01
1.134749839075185740e+01
1.249465345374943404e+01
1.320133969446635724e+01
1.381557778032553685e+01
1.453040910219838899e+01
1.529753665200372126e+01
1.738541303861963883e+01
1.947804421179166923e+01
2.075912076373380089e+01
2.172364763348069516e+01
2.081198285491541000e+01
1.817006981208411887e+01
1.646006686274217756e+01
1.599940424891743973e+01
1.141115722074243344e+01
9.815479426315420142e+00
1.033474640074379103e+01
7.980444215264446584e+00
7.429989871345291874e+00
7.583461923327917908e+00
7.852161341076067558e+00
7.936664224218638708e+00
8.218915745540499529e+00
8.043424783126340571e+00
8.477403641699604364e+00
9.237140020334871693e+00
1.323090029055032346e+01
1.360452765945178655e+01
1.368255769935021604e+01
1.346489764391794708e+01
1.370382069451155260e+01
1.439652733258930972e+01
1.522304557119328372e+01
1.616217503856163873e+01
1.650414480391841821e+01
1.702500035053134653e+01
1.797324059794533113e+01
1.866500087767474625e+01
1.914716752576436676e+01
1.928007604567615019e+01
1.951248188681143958e+01
1.928046894587066973e+01
1.920120097562578820e+01
1.922641221421078939e+01
1.897188876606280061e+01
1.553970740083336288e+01
1.433649660807701487e+01
1.281680722848913234e+01
1.149573593288218376e+01
1.142898837471138052e+01
1.251397240661306753e+01
1.343809303998929572e+01
1.430156644572460323e+01
1.537383520821964211e+01
1.665605143711278302e+01
1.732644965737864595e+01
1.942634098636541395e+01
2.072353935562809113e+01
2.553255449621662621e+01
2.506215611786519304e+01
2.391084331475257230e+01
2.053621547851953366e+01
2.120882377939928531e+01
2.455646661668268393e+01
1.747695352027504612e+01
1.447406470277431012e+01
1.637854265904203643e+01
1.379505089520761629e+01
1.003514258321658481e+01
8.175555211341013262e+00
8.578206213694819837e+00
8.991014100831169031e+00
9.689932597188924746e+00
1.004088871321676457e+01
9.808738747669321967e+00
9.653571413083467334e+00
1.169243799401880857e+01
1.290485481975067472e+01
1.386087959869373698e+01
1.493709245254994578e+01
1.659738936840532375e+01
1.886330994028270425e+01
1.856730003427221121e+01
1.909477891264085159e+01
1.998492803956099095e+01
2.086665589986765568e+01
2.227073178990082170e+01
2.424717436777772761e+01
2.568605727456250776e+01
2.618213257816480777e+01
2.665178777510114472e+01
2.373176269632581636e+01
2.792717701470119351e+01
2.445559182589652636e+01
2.561778038387906165e+01
2.147548905312617507e+01
2.008138845699528119e+01
1.948336648323362752e+01
1.918519859212592493e+01
2.153080553268165076e+01
1.741251748556870282e+01
1.579163285093989444e+01
1.744758851801933730e+01
1.300616697601534533e+01
9.833835115836205176e+00
1.079768744901409150e+01
1.124845900437917834e+01
1.199146499708685809e+01
1.241808145969497446e+01
1.335497495119905231e+01
1.344073134463122088e+01
1.477944958799078634e+01
1.591304360096359538e+01
1.806408818168634056e+01
1.948702381259436223e+01
2.006535335027546907e+01
2.018064726462850444e+01
1.818716467122834501e+01
1.423038718312278483e+01
8.322009543905737772e+00
1.434629179242216779e+01
8.609761242016110927e+00
8.344885718567267574e+00
9.305345123049656664e+00
6.778233311277791273e+00
6.690375003941970711e+00
8.263877482603835034e+00
7.655198810731913994e+00
7.432319282143677874e+00
7.378437328194911160e+00
7.534730728588703741e+00
7.875379047475777661e+00
8.323193608269560784e+00
1.443949588803374340e+01
1.341150042800482822e+01
1.243674727855807305e+01
1.230018556681022446e+01
1.237658683186382369e+01
1.278086976664853580e+01
1.589761581326223805e+01
1.834552815125266889e+01
1.758155775832815948e+01
1.768723269598493886e+01
1.778532336153277527e+01
1.765610696650244549e+01
1.762358346922185959e+01
1.736769881439612462e+01
1.724883583331909165e+01
1.677816129978435811e+01
1.612158597834987717e+01
1.470191721462370005e+01
1.341528336984011460e+01
1.265934792416191890e+01
1.205596950383844934e+01
1.160241572313976732e+01
1.120101104764538746e+01
1.081758368516059221e+01
9.653311571373571098e+00
7.239627124244313983e+00
6.459237600344393648e+00
5.750943087286770172e+00
6.181177912931866025e+00
7.209618424721611518e+00
8.556024125493472354e+00
8.439810690936209170e+00
9.224938409063273781e+00
9.732367025303759078e+00
1.059761457607914181e+01
1.305299130687939702e+01
1.262987012096491846e+01
1.367183218471248196e+01
1.428716314325505010e+01
1.492708780182988981e+01
1.770783092482840360e+01
1.839336848707904792e+01
1.959347095870501931e+01
2.010362332607947167e+01
1.980729285756743607e+01
1.936088709016727449e+01
1.952753373391493952e+01
1.778062219300921498e+01
1.778547125202675971e+01
1.756447892931435462e+01
1.118352258670560673e+01
9.571257517297748763e+00
1.011556042093272012e+01
1.118471213826541444e+01
1.206105548645949277e+01
1.313183929750434586e+01
1.360493908190610490e+01
1.393955555972740790e+01
1.461522986153931569e+01
1.642635972103168385e+01
1.897430621679365359e+01
1.909248071767709831e+01
2.217856001017204193e+01
2.322082567884207549e+01
2.445241502304140724e+01
2.550690073354972753e+01
2.659203453799793593e+01
3.178516109189693140e+01
3.146660618008042576e+01
3.623888943933532403e+01
3.417165514409644089e+01
3.146071746418900972e+01
3.172909324202672110e+01
3.026695470498620466e+01
2.434516962991899547e+01
1.818534831735139079e+01
1.845704566786737644e+01
1.906683461985580053e+01
1.159413218893574715e+01
1.154080638854435037e+01
1.054971489115293615e+01
1.770207178493570055e+01
1.694216574656268648e+01
1.921600865010713832e+01
1.889218712259137334e+01
1.595003218133273570e+01
1.365649769196854102e+01
1.147905661155069090e+01
1.755865977102289222e+01
1.232837369743044320e+01
1.311489988937258921e+01
1.408578477711726862e+01
1.475191784728882283e+01
1.555096736059105567e+01
1.625366988904914933e+01
1.674900385103646983e+01
1.970644035097884839e+01
2.055277395457873624e+01
2.108206497115544309e+01
2.098546792652635418e+01
2.084474794963157152e+01
2.107543397059045631e+01
1.497669958441571580e+01
1.732151048127158788e+01
1.451350934782295177e+01
1.089070294446682752e+01
1.807665145996944744e+01
1.498776090962473084e+01
8.993869997541764860e+00
9.145340293221355665e+00
7.370152958221879658e+00
8.840708925770927706e+00
7.651199843699776793e+00
8.040985834520718356e+00
7.946638677370872372e+00
8.482359971591831638e+00
9.043691444706517757e+00
9.714604382442518116e+00
1.040718066828981314e+01
1.085396901395180613e+01
1.113787720991773966e+01
1.153688864720669116e+01
1.165835968449214377e+01
1.171003539470078891e+01
1.182204579868973227e+01
1.216989807017132108e+01
1.328582066791389593e+01
1.438430994687317543e+01
1.440642372340844091e+01
1.415873703395877214e+01
1.404446743068368519e+01
1.353398627006784594e+01
1.343519396362763452e+01
1.342399174135864470e+01
1.335436202875759903e+01
1.349401957479615888e+01
1.362137933489464992e+01
1.366940268659113045e+01
1.371638287854417193e+01
1.380335993661838678e+01
1.354558945462998132e+01
1.338114108126883472e+01
1.320000884522824691e+01
1.307243616504377748e+01
1.285826535674816284e+01
1.251324830085486361e+01
1.233792921854730906e+01
1.216188654434598782e+01
1.217049515492243827e+01
1.174049638215956470e+01
1.165361162105994985e+01
1.371585611235199309e+01
1.097697504021115122e+01
1.101414573743740277e+01
1.230717880001201614e+01
1.333243450943869846e+01
1.458902750142428140e+01
1.505487419491732837e+01
1.642646375128604319e+01
1.677633486822464448e+01
1.878358386111528944e+01
2.116728445871254394e+01
2.264090934518229759e+01
2.334991746367643017e+01
2.651083779384794070e+01
2.601520898120354630e+01
2.128448371200441258e+01
1.985269301880038029e+01
2.344225271006217426e+01
1.846986686498732055e+01
1.807093362534035563e+01
1.742116892850721399e+01
1.109312781544717907e+01
7.969433789062456697e+00
7.953995319815228449e+00
8.821198690976686407e+00
9.158702411138344601e+00
9.064402354107173210e+00
9.261628734416833097e+00
8.995610911905290052e+00
1.379637294204634834e+01
1.379378196301974668e+01
1.377307838372058590e+01
1.428556743530250728e+01
1.581694288058422693e+01
1.807308473564389573e+01
1.925247948844967638e+01
2.000213231606218045e+01
2.113706264121375611e+01
2.355535060174091555e+01
2.502154429586390805e+01
2.573121919361891941e+01
2.621027610713540668e+01
2.643793614242976631e+01
2.700581283760097762e+01
2.680368351236607083e+01
2.649951247275065924e+01
2.575882985191192276e+01
2.547555202614784875e+01
2.309014719123396731e+01
2.421813617411997299e+01
2.531670646257703439e+01
2.564482471543663067e+01
2.699959202216430754e+01
2.317894679649202772e+01
2.362434364836579448e+01
1.246851343177878491e+01
9.783762245809949576e+00
1.153157450372867032e+01
1.089502219731098265e+01
1.102760637128211663e+01
1.217849972799349523e+01
1.309884849367469783e+01
1.619421481965079224e+01
1.882354303779298377e+01
1.934175060717798189e+01
1.850960417599287666e+01
1.702596765743020413e+01
2.062694497697566831e+01
2.549153302272596733e+01
2.398760231892418915e+01
2.284961320416671882e+01
2.209893878772036757e+01
1.997279416340490243e+01
2.005702730753479557e+01
1.581996175349384970e+01
1.096735157568034680e+01
1.635259198447009155e+01
1.747652521389209213e+01
1.046912170826149158e+01
5.798101728866851268e+00
6.367744365808694518e+00
6.999005653365296453e+00
7.542018621242805310e+00
9.218233770297757701e+00
7.373263659896667654e+00
7.427370468476903298e+00
8.044379591865467916e+00
8.780399747101526486e+00
1.471837904882572090e+01
1.424978049879116959e+01
1.374928569432114855e+01
1.353728147027595341e+01
1.353822781436854861e+01
1.356331898934201341e+01
1.353755739232840583e+01
1.378025963248225771e+01
1.395958547178841158e+01
1.404249729468849495e+01
1.453660852904780754e+01
1.491945085293715678e+01
1.541705268735500844e+01
1.589795773573514381e+01
1.627075967046827287e+01
1.773695453796130295e+01
1.718810384528952895e+01
1.788507531970179443e+01
1.933419594562220567e+01
1.896261132025819407e+01
1.634832884608356807e+01
1.970242053732711440e+01
1.476680557947392103e+01
1.648114168706521099e+01
1.494798644260805709e+01
1.439020732290810045e+01
1.126475657512106920e+01
1.392398631734079650e+01
1.349204427682729701e+01
1.453503976934981701e+01
1.562226825190704993e+01
1.626093825933490322e+01
1.875956745038474693e+01
2.089289418229733997e+01
2.248832228240418019e+01
2.351297254479624144e+01
2.296894926537138204e+01
2.323288101867924738e+01
2.484538311567371949e+01
1.984920227292971617e+01
1.998740882887152992e+01
1.966163527416944845e+01
1.994319050907870050e+01
1.804107621054566835e+01
1.760527731954043063e+01
1.081457927405227082e+01
1.030162802069498440e+01
7.040000044414998825e+00
8.607844260050555363e+00
8.227739220167553214e+00
8.517894444657486019e+00
9.059197147756712809e+00
9.490696596235785876e+00
1.003153455675359851e+01
1.312815219434431313e+01
1.360671224471178853e+01
1.382046121068996314e+01
1.420593412206023132e+01
1.550496485999472895e+01
1.664669074331117571e+01
1.980532532153871728e+01
1.944659350927128472e+01
2.034658772660624848e+01
2.151279654592415014e+01
2.310408514056990725e+01
2.506444089690477384e+01
2.472066954771314329e+01
2.503450944937248579e+01
2.653452941888778582e+01
2.662787721290846576e+01
2.965311450767950063e+01
2.893750391765332708e+01
2.610076478420638679e+01
2.699256796894085042e+01
2.507915083655216293e+01
2.498688524560609991e+01
2.702595772086318249e+01
2.458344293069843545e+01
2.317780890216360845e+01
2.343204018884097906e+01
2.356954428242008248e+01
1.774016186486158375e+01
1.084912865102694468e+01
9.219154833590842202e+00
1.013167944289169498e+01
1.545280783809855407e+01
1.278025899840260493e+01
1.785442992678687091e+01
1.842447908876432550e+01
1.828262447932756274e+01
1.832527540953033451e+01
1.994836904461850935e+01
1.941353964354693318e+01
2.515302220553946455e+01
2.932492181191181047e+01
2.821514115884801299e+01
2.532998330103178475e+01
2.119167355066832314e+01
1.837052792672801260e+01
2.053429477151465576e+01
2.166672516054946840e+01
2.051407791257315338e+01
1.404937959383302726e+01
1.332307229709285501e+01
1.133360280863732683e+01
6.527857528647648344e+00
7.559509636951903921e+00
7.125715759854169384e+00
7.617125645371984888e+00
8.093603609912484842e+00
8.087741553354636181e+00
7.906768002975199217e+00
8.586157225370936175e+00
1.154564024442811032e+01
1.300981367744126871e+01
1.335603320369305891e+01
1.363157915066181047e+01
1.395758495636145291e+01
1.485202527353658652e+01
1.574855004625308830e+01
1.659381392013300882e+01
1.765059059579250800e+01
1.994905237325445313e+01
1.988068657646631365e+01
1.958694625444978499e+01
1.973370240085372629e+01
2.067583827154441778e+01
2.347472895987439756e+01
2.354847544881053523e+01
2.365507259658650341e+01
2.339316461354944465e+01
2.374818487718885507e+01
2.373137836128999112e+01
2.008299658277385902e+01
1.615274050761670566e+01
1.421956872827790264e+01
1.328200080400683092e+01
1.271691335404276302e+01
1.182937301921382911e+01
9.964339345435751838e+00
1.033708444354962630e+01
1.064996909498036715e+01
1.225399292701409415e+01
1.222484147229548590e+01
1.394551230875780945e+01
1.433749928875545443e+01
1.489800285157747517e+01
1.676506348514597633e+01
1.862196441104333644e+01
1.968215164395919459e+01
2.010841438737140408e+01
1.995438745438816497e+01
1.767522456823989785e+01
1.370791347633909041e+01
1.098421701341375112e+01
7.318888836498405936e+00
1.140245062519843700e+01
9.655979199491762088e+00
6.161842498537398072e+00
6.488193699282437166e+00
6.734162171431633759e+00
7.789540421367830092e+00
7.536703604780890409e+00
7.331521448890260473e+00
7.441120321706232055e+00
7.935656530276498088e+00
9.577866350984759691e+00
1.286424058068176279e+01
1.312458726979870960e+01
1.327664169194568800e+01
1.325050302696425852e+01
1.344751269612372546e+01
1.381673586399254816e+01
1.466623927769485825e+01
1.568742461279552280e+01
1.745591807942730256e+01
1.859981747301784694e+01
1.908201829115425596e+01
1.966657970902717167e+01
1.968129370504663811e+01
1.995085075210537795e+01
1.951866258242048602e+01
2.012882100730833201e+01
1.969012765507328666e+01
2.187075059056916260e+01
1.662564692301251412e+01
1.302016216937514415e+01
1.206283708060913185e+01
1.164509138599659188e+01
1.157843018932617163e+01
8.946153972729375070e+00
9.772378299978804250e+00
1.021494511368822344e+01
1.077262024715343536e+01
1.207153182666163360e+01
1.270096835103647415e+01
1.296868440866545313e+01
1.480531014084573194e+01
1.498442601506850558e+01
1.724452691557780071e+01
1.896147015852773876e+01
1.991123184330298557e+01
2.012738975554075083e+01
2.023187068792061893e+01
1.671346891402099644e+01
9.925044827821835725e+00
7.272161286247709633e+00
1.018904933565283066e+01
7.736331590619909271e+00
6.497982217453365905e+00
6.991423219376081022e+00
7.500880522796336436e+00
8.507973340986335842e+00
8.345912907545486092e+00
7.866896716546151858e+00
7.702818373570603505e+00
8.425730617249968191e+00
9.425320117299174072e+00
9.856172914305023625e+00
1.448868427302442186e+01
1.358612982323239393e+01
1.360228463443311497e+01
1.365028355736963839e+01
1.363407942771042336e+01
1.374910344583756583e+01
1.398804708223586779e+01
1.415567408793627280e+01
1.431854357851214310e+01
1.458668510568817211e+01
1.521490256957015674e+01
1.601879695883232557e+01
1.692431951633820475e+01
1.745894040827980120e+01
1.790105362155834356e+01
1.799206220040640147e+01
1.783013250454541065e+01
1.832826923275011666e+01
1.894263391816161857e+01
2.097218257629567262e+01
1.573861642124361637e+01
1.294330796199789013e+01
1.306324759566663474e+01
1.174346264577144083e+01
1.061778738040478309e+01
1.163686312714533955e+01
1.286940769870282963e+01
1.387493491400957524e+01
1.500211064845712272e+01
1.557021249342569291e+01
1.695546821744579802e+01
1.769889419108645257e+01
2.036276152963613484e+01
2.476556928771249488e+01
2.338491210344364646e+01
2.554686747653529721e+01
2.468213639545604465e+01
2.123340995421758493e+01
2.027052366857737553e+01
2.109067135431649831e+01
1.736401756017817277e+01
1.414176137744819606e+01
1.304572468136213459e+01
